0.000000000000000000e+00
0.000000000000000000e+00
5.000000000000000000e-01
5.000000000000000000e-01
5.000000000000000000e-01
5.000000000000000000e-01
5.000000000000000000e-01
7.500000000000000000e-01
7.500000000000000000e-01
7.500000000000000000e-01
7.500000000000000000e-01
8.800000000000000044e-01
8.800000000000000044e-01
8.800000000000000044e-01
9.399999999999999467e-01
9.399999999999999467e-01
9.399999999999999467e-01
9.399999999999999467e-01
9.699999999999999734e-01
9.699999999999999734e-01
9.699999999999999734e-01
9.799999999999999822e-01
9.799999999999999822e-01
9.799999999999999822e-01
