[844, 604, 14, 16]
[809, 560, 13, 14]
[850, 524, 13, 14]
[902, 560, 14, 14]
[800, 594, 13, 14]
[798, 511, 14, 14]
[894, 512, 14, 15]
[886, 603, 14, 15]
[832, 644, 13, 16]
[879, 643, 13, 15]
[786, 632, 13, 14]
[931, 633, 15, 15]
[923, 588, 14, 15]
[939, 512, 13, 13]
[853, 468, 15, 14]
[896, 464, 12, 13]
[934, 467, 14, 13]
[792, 466, 15, 15]
[720, 621, 12, 13]
[733, 583, 12, 13]
[731, 532, 13, 14]
[732, 482, 13, 15]
[720, 441, 14, 15]
[981, 630, 14, 14]
[976, 584, 14, 13]
[971, 545, 13, 14]
[969, 500, 15, 15]
[964, 463, 13, 14]
[958, 424, 14, 13]
[915, 424, 12, 13]
[873, 416, 12, 14]
[842, 419, 13, 14]
[781, 423, 13, 14]
[844, 703, 15, 16]
[836, 753, 15, 16]
[831, 802, 14, 15]
[826, 849, 13, 16]
[820, 898, 14, 16]
[817, 951, 14, 16]
[1233, 966, 15, 14]
[965, 680, 16, 14]
[921, 675, 14, 16]
[871, 675, 16, 15]
[778, 673, 13, 16]
[716, 668, 13, 16]
[669, 403, 17, 14]
[640, 380, 16, 14]
[613, 353, 15, 16]
[578, 318, 15, 14]
[552, 296, 15, 15]
[527, 273, 16, 15]
[499, 246, 16, 14]
[473, 226, 15, 16]
[1234, 221, 13, 15]
[1199, 268, 12, 15]
[1113, 332, 13, 15]
[1084, 368, 13, 15]
[1026, 407, 14, 14]
[669, 711, 16, 13]
[625, 744, 11, 11]
[592, 804, 10, 8]
[560, 854, 12, 12]
[528, 893, 11, 13]
[500, 932, 13, 12]
[477, 965, 13, 15]
[987, 704, 15, 15]
[1020, 741, 15, 15]
[1039, 776, 16, 15]
[1064, 811, 15, 15]
[1095, 842, 15, 15]
[1113, 869, 15, 15]
[1137, 896, 15, 13]
[1166, 922, 13, 13]
[1191, 942, 14, 12]
[665, 560, 15, 15]
[618, 555, 15, 14]
[579, 555, 15, 14]
[520, 561, 15, 13]
[486, 557, 14, 15]
[836, 356, 12, 15]
[831, 306, 13, 13]
[827, 263, 12, 13]
[824, 220, 12, 13]
[1016, 567, 14, 13]
[1048, 564, 14, 14]
[1076, 566, 13, 14]
[1108, 564, 13, 12]
[1141, 565, 13, 14]
[1183, 563, 13, 15]
[1212, 562, 15, 14]
[1243, 568, 15, 15]
[914, 740, 16, 17]
[738, 737, 15, 15]
[594, 628, 15, 13]
[598, 457, 14, 15]
[734, 345, 14, 15]
[1034, 642, 14, 15]
[1024, 475, 13, 13]
[964, 336, 11, 12]
[891, 312, 10, 10]
[572, 494, 16, 15]
[610, 684, 14, 15]
[770, 754, 16, 15]
[951, 725, 16, 16]
[1008, 676, 14, 14]
[652, 656, 15, 13]
[636, 604, 14, 13]
[634, 502, 13, 14]
[643, 455, 16, 15]
[664, 776, 15, 13]
[726, 804, 16, 14]
[893, 814, 15, 14]
[967, 792, 16, 15]
[1072, 717, 13, 14]
[1083, 669, 13, 16]
[1100, 629, 14, 15]
[1106, 503, 14, 14]
[1065, 448, 14, 14]
[933, 372, 11, 12]
[881, 354, 11, 10]
[765, 373, 12, 13]
[717, 390, 13, 16]
