[1032, 514, 13, 14]
[1033, 537, 13, 12]
[1028, 557, 13, 13]
[1026, 572, 13, 14]
[1030, 591, 13, 14]
[1022, 609, 13, 16]
[1024, 626, 14, 15]
[1024, 648, 13, 15]
[1021, 672, 13, 14]
[1024, 696, 13, 14]
[1024, 716, 13, 16]
[1023, 737, 13, 15]
[1025, 757, 14, 15]
[1023, 780, 13, 16]
[1023, 810, 13, 16]
[1024, 829, 13, 15]
[1023, 855, 14, 16]
[1023, 881, 13, 15]
[1022, 896, 13, 16]
[1063, 516, 13, 13]
[1081, 510, 13, 15]
[1100, 509, 12, 14]
[1118, 511, 13, 14]
[1138, 506, 13, 13]
[1157, 508, 12, 15]
[1173, 506, 13, 14]
[1194, 507, 13, 13]
[1212, 505, 13, 14]
[1232, 504, 13, 14]
[1252, 503, 13, 13]
[1270, 500, 12, 14]
[1290, 500, 12, 14]
[1312, 502, 12, 13]
[1331, 501, 12, 14]
[1348, 500, 12, 13]
[1366, 498, 13, 15]
[1380, 500, 13, 12]
[1396, 499, 14, 13]
[1412, 494, 13, 15]
[998, 508, 13, 13]
[973, 506, 12, 13]
[1010, 505, 12, 13]
[944, 504, 12, 13]
[914, 502, 12, 13]
[887, 508, 13, 14]
[873, 511, 13, 14]
[839, 506, 13, 14]
[809, 507, 13, 13]
[785, 505, 13, 15]
[758, 507, 13, 14]
[733, 506, 13, 14]
[710, 502, 12, 14]
[689, 504, 13, 14]
[665, 502, 13, 14]
[646, 505, 12, 13]
[1000, 524, 13, 14]
[1059, 526, 13, 14]
[1028, 480, 13, 14]
[1024, 452, 12, 13]
[1021, 427, 12, 12]
[1019, 403, 11, 11]
[1018, 379, 11, 11]
[1014, 355, 11, 11]
[1011, 325, 9, 9]
[1008, 297, 10, 10]
[1008, 258, 10, 10]
[999, 228, 10, 11]
[996, 201, 10, 11]
[991, 171, 11, 11]
[986, 139, 12, 12]
[1005, 272, 9, 10]
[998, 564, 13, 14]
[967, 556, 14, 15]
[956, 526, 12, 13]
[950, 475, 12, 12]
[942, 443, 12, 12]
[964, 433, 11, 12]
[988, 435, 12, 13]
[1052, 434, 13, 13]
[1075, 432, 13, 13]
[1075, 462, 12, 13]
[1079, 483, 12, 14]
[1079, 531, 13, 14]
[1081, 554, 14, 13]
[1078, 571, 13, 14]
[1044, 562, 13, 15]
[1132, 520, 13, 14]
[1128, 546, 13, 14]
[1128, 574, 14, 13]
[1123, 600, 14, 15]
[1091, 593, 13, 15]
[1065, 594, 13, 14]
[1043, 596, 12, 14]
[991, 598, 13, 15]
[956, 585, 13, 15]
[922, 589, 13, 15]
[888, 582, 14, 15]
[881, 555, 13, 14]
[874, 529, 13, 15]
[866, 474, 13, 14]
[859, 445, 13, 13]
[862, 417, 12, 12]
[859, 392, 12, 12]
[875, 387, 12, 12]
[894, 385, 12, 12]
[914, 382, 11, 12]
[931, 378, 12, 11]
[958, 376, 11, 11]
[979, 377, 11, 11]
[995, 377, 11, 10]
[1036, 378, 11, 11]
[1052, 379, 12, 11]
[1069, 379, 12, 12]
[1090, 379, 12, 12]
[1108, 378, 11, 13]
[1122, 377, 12, 13]
[1116, 393, 12, 12]
[1113, 412, 12, 13]
[1113, 428, 12, 13]
[1114, 447, 12, 13]
[1113, 463, 15, 12]
[1116, 480, 13, 14]
[1176, 481, 14, 13]
[1170, 457, 14, 13]
[1168, 434, 12, 13]
[1163, 406, 13, 13]
[1157, 380, 13, 13]
[1152, 354, 13, 14]
[1147, 333, 12, 12]
[1121, 328, 12, 13]
[1096, 323, 12, 12]
[1069, 321, 12, 12]
[1040, 317, 12, 13]
[1020, 314, 11, 12]
[987, 310, 12, 12]
[960, 309, 11, 12]
[931, 311, 10, 12]
[904, 309, 11, 12]
[877, 310, 11, 12]
[852, 311, 10, 11]
[827, 311, 11, 12]
[821, 324, 11, 12]
[819, 342, 10, 11]
[815, 357, 10, 12]
[812, 378, 12, 11]
[807, 396, 12, 13]
[807, 414, 12, 12]
[806, 432, 13, 12]
[803, 449, 13, 13]
[800, 468, 13, 12]
[800, 482, 12, 12]
[797, 518, 14, 13]
[794, 535, 14, 13]
[791, 551, 13, 13]
[791, 566, 14, 14]
[791, 582, 13, 14]
[787, 596, 13, 13]
[788, 616, 14, 14]
[788, 632, 14, 13]
[787, 650, 15, 14]
[805, 648, 14, 13]
[818, 647, 14, 13]
[834, 646, 13, 13]
[849, 642, 14, 14]
[864, 644, 14, 14]
[879, 646, 14, 13]
[892, 643, 14, 13]
[905, 639, 15, 13]
[923, 640, 13, 14]
[935, 641, 14, 13]
[948, 644, 14, 14]
[961, 642, 14, 14]
[974, 643, 14, 13]
[986, 638, 13, 14]
[1000, 638, 13, 13]
[1034, 640, 13, 13]
[1049, 640, 14, 13]
[1066, 637, 14, 13]
[1080, 636, 14, 13]
[1095, 637, 13, 13]
[1112, 637, 13, 13]
[1124, 637, 12, 14]
[1139, 636, 13, 13]
[1155, 636, 13, 12]
[1167, 636, 13, 13]
[1168, 609, 12, 12]
[1167, 587, 12, 12]
[1167, 564, 13, 13]
[1165, 534, 13, 13]
[1165, 515, 14, 10]
[1240, 522, 13, 12]
[1236, 541, 13, 12]
[1234, 557, 13, 13]
[1235, 574, 12, 13]
[1232, 589, 13, 12]
[1228, 606, 13, 12]
[1225, 626, 13, 12]
[1223, 645, 13, 13]
[1220, 661, 14, 13]
[1217, 676, 13, 13]
[1192, 674, 13, 12]
[1169, 673, 13, 13]
[1146, 673, 13, 13]
[1119, 673, 14, 14]
[1093, 670, 13, 13]
[1069, 667, 13, 13]
[1042, 665, 14, 13]
[985, 670, 14, 13]
[954, 669, 15, 15]
[922, 669, 16, 15]
[885, 673, 16, 15]
[1228, 472, 13, 14]
[1224, 450, 14, 13]
[1223, 420, 15, 13]
[1218, 389, 15, 13]
[1209, 360, 13, 13]
[1203, 334, 13, 14]
[1198, 307, 12, 12]
[1197, 271, 12, 13]
[1168, 262, 14, 14]
[1136, 256, 12, 12]
[1110, 253, 11, 12]
[1081, 251, 10, 12]
[1051, 250, 11, 12]
[1029, 250, 11, 12]
[972, 249, 11, 11]
[944, 246, 10, 11]
[918, 241, 10, 12]
[894, 241, 11, 13]
[864, 236, 11, 13]
[836, 234, 13, 14]
[810, 233, 12, 14]
[778, 232, 12, 13]
[755, 227, 13, 14]
[743, 247, 14, 14]
[742, 264, 12, 13]
[739, 276, 13, 13]
[738, 292, 13, 12]
[729, 308, 14, 12]
[727, 327, 14, 13]
[727, 344, 12, 13]
[722, 371, 14, 13]
[719, 400, 15, 14]
[713, 417, 13, 15]
[712, 434, 15, 14]
[710, 450, 13, 14]
[708, 471, 13, 13]
[708, 526, 13, 14]
[704, 543, 13, 13]
[701, 560, 15, 15]
[697, 580, 15, 14]
[696, 596, 15, 14]
[693, 610, 15, 14]
[691, 628, 14, 13]
[692, 642, 14, 14]
[692, 659, 14, 13]
[692, 676, 12, 14]
[726, 675, 14, 15]
[745, 677, 15, 15]
[760, 676, 14, 14]
[776, 674, 15, 14]
[795, 672, 15, 14]
[822, 674, 16, 14]
[843, 675, 15, 14]
[865, 672, 15, 15]
[885, 671, 16, 14]
[905, 669, 14, 15]
[921, 667, 15, 14]
[944, 668, 16, 14]
[966, 671, 16, 14]
[986, 672, 15, 14]
[1422, 901, 11, 11]
[1397, 873, 9, 10]
[1371, 840, 9, 10]
[1353, 818, 9, 10]
[1332, 797, 11, 10]
[1309, 768, 10, 11]
[1283, 741, 12, 11]
[1264, 714, 12, 12]
[1238, 686, 12, 12]
[1210, 658, 11, 12]
[631, 909, 13, 16]
[645, 892, 14, 15]
[662, 870, 13, 15]
[674, 848, 14, 14]
[688, 827, 14, 14]
[699, 798, 14, 14]
[717, 774, 15, 14]
[731, 750, 15, 14]
[741, 726, 15, 15]
[754, 697, 14, 15]
[772, 646, 16, 15]
[637, 137, 12, 15]
[653, 162, 13, 12]
[682, 180, 13, 12]
[702, 199, 12, 12]
[724, 219, 12, 13]
[741, 230, 13, 13]
[760, 240, 12, 12]
[774, 259, 14, 13]
[792, 272, 13, 13]
[808, 285, 13, 13]
[823, 306, 12, 13]
[844, 317, 12, 12]
[1409, 114, 17, 16]
[1392, 140, 15, 17]
[1364, 167, 15, 14]
[1326, 193, 13, 12]
[1308, 208, 13, 14]
[1297, 227, 15, 14]
[1270, 246, 14, 14]
[1250, 272, 14, 14]
[1231, 290, 13, 14]
[1212, 313, 14, 13]
[1190, 331, 12, 13]
[1159, 358, 13, 13]
[817, 800, 14, 16]
[1160, 781, 13, 13]
[694, 314, 14, 15]
[697, 596, 12, 12]
[698, 597, 11, 11]
[1328, 645, 11, 11]
[1308, 364, 15, 13]
[1154, 236, 12, 13]
[888, 223, 11, 13]
[1033, 174, 12, 12]
[645, 480, 15, 14]
[1032, 844, 15, 16]
[1397, 511, 15, 14]
[1312, 505, 13, 13]
[1024, 740, 14, 15]
[755, 505, 14, 14]
[1024, 250, 12, 12]
[1214, 734, 12, 13]
[799, 727, 14, 14]
