[1038, 561, 13, 13]
[1065, 541, 12, 13]
[1037, 513, 11, 12]
[1012, 536, 12, 13]
[1069, 567, 13, 12]
[1061, 501, 12, 13]
[998, 498, 12, 12]
[996, 567, 11, 14]
[1010, 588, 12, 15]
[1047, 584, 12, 14]
[1085, 512, 12, 13]
[1022, 475, 12, 13]
[969, 523, 12, 13]
[1076, 595, 12, 13]
[1096, 538, 13, 13]
[1101, 575, 11, 13]
[965, 580, 12, 13]
[958, 489, 10, 12]
[1082, 479, 11, 12]
[1113, 514, 13, 13]
[1125, 552, 13, 13]
[1105, 601, 13, 14]
[1037, 600, 12, 13]
[980, 596, 12, 14]
[949, 539, 13, 13]
[972, 461, 11, 13]
[1048, 455, 11, 12]
[1097, 451, 12, 13]
[1113, 476, 12, 12]
[995, 434, 11, 12]
[996, 618, 13, 14]
[935, 592, 13, 13]
[1128, 584, 12, 13]
[1140, 524, 12, 14]
[1132, 486, 12, 13]
[1126, 449, 12, 13]
[1126, 613, 11, 12]
[1078, 613, 13, 14]
[1033, 618, 12, 14]
[1095, 634, 13, 14]
[1046, 632, 13, 14]
[953, 624, 14, 15]
[974, 538, 12, 13]
[985, 466, 10, 12]
[1010, 446, 10, 12]
[1422, 922, 10, 11]
[1389, 888, 7, 5]
[1357, 844, 8, 10]
[1313, 805, 7, 8]
[1281, 768, 8, 11]
[1247, 735, 7, 5]
[1219, 695, 10, 10]
[1180, 660, 11, 13]
[1181, 663, 10, 10]
[1148, 632, 12, 13]
[641, 920, 13, 15]
[659, 888, 13, 13]
[684, 867, 14, 12]
[710, 838, 13, 12]
[736, 818, 13, 12]
[754, 786, 14, 12]
[780, 751, 14, 13]
[804, 719, 15, 13]
[827, 691, 16, 13]
[861, 662, 13, 13]
[879, 630, 17, 15]
[902, 605, 13, 14]
[647, 157, 12, 13]
[671, 191, 13, 12]
[700, 214, 12, 12]
[724, 232, 12, 13]
[746, 252, 13, 12]
[770, 268, 11, 13]
[793, 284, 12, 12]
[810, 299, 12, 12]
[828, 320, 11, 12]
[856, 340, 12, 12]
[871, 356, 12, 11]
[890, 373, 11, 12]
[915, 395, 10, 10]
[929, 411, 11, 11]
[948, 432, 10, 11]
[1405, 140, 15, 14]
[1385, 168, 12, 12]
[1364, 192, 11, 11]
[1333, 220, 12, 11]
[1312, 237, 12, 12]
[1291, 257, 11, 11]
[1270, 275, 12, 12]
[1249, 293, 12, 11]
[1225, 310, 12, 11]
[1201, 329, 12, 11]
[1179, 355, 11, 12]
[1156, 382, 11, 11]
[1134, 406, 11, 11]
[1111, 418, 11, 11]
[924, 461, 11, 11]
[919, 511, 12, 12]
[920, 551, 12, 13]
[912, 616, 13, 13]
[1152, 596, 13, 12]
[1156, 561, 12, 13]
[1144, 494, 12, 13]
[1011, 747, 14, 14]
[1047, 740, 13, 14]
[1071, 740, 12, 15]
[1097, 740, 13, 14]
[1119, 740, 13, 15]
[1144, 739, 12, 13]
[1168, 737, 12, 13]
[1186, 731, 12, 14]
[1205, 735, 12, 12]
[971, 735, 13, 16]
[936, 734, 14, 14]
[894, 732, 14, 16]
[862, 734, 13, 15]
[824, 729, 13, 14]
[786, 683, 13, 13]
[778, 646, 12, 13]
[772, 610, 12, 13]
[767, 570, 13, 13]
[761, 526, 13, 13]
[759, 481, 13, 14]
[758, 436, 13, 14]
[752, 393, 14, 14]
[749, 353, 13, 13]
[744, 307, 12, 13]
[734, 263, 13, 13]
[784, 250, 12, 12]
[811, 242, 13, 12]
[842, 239, 11, 12]
[877, 237, 11, 12]
[908, 237, 11, 11]
[941, 236, 11, 10]
[974, 233, 10, 10]
[1007, 232, 10, 11]
[1041, 229, 8, 8]
[1075, 226, 10, 10]
[1108, 228, 10, 10]
[1136, 226, 11, 11]
[1167, 228, 11, 10]
[1208, 230, 11, 12]
[1238, 227, 11, 12]
[1269, 223, 12, 12]
[1290, 216, 12, 13]
[1307, 273, 12, 12]
[1302, 302, 12, 12]
[1295, 329, 12, 13]
[1297, 356, 13, 12]
[1293, 389, 12, 14]
[1294, 424, 12, 14]
[1291, 455, 13, 14]
[1291, 483, 13, 13]
[1031, 541, 13, 14]
